(((ASM20975:0.00001,ASM2118:-0.00001):0.00001,ASM2118:-0.00001):0.00074,
((((ASM145486:0.00000,ASM145486:0.00000):0.00000,ASM145486:0.00000):0.00364,
ASM381256:0.00306):0.00328,((ASM199894:0.00316,(ASM199914:0.00245,
ASM30690:0.00305):0.00014):0.00087,(ASM199898:0.00183,((ASM25890:0.00219,
ASM340907:0.00161):0.00039,(((ASM19539:0.00011,ASM202516:0.00029):0.00026,
ASM303191:0.00039):0.00009,(ASM199904:0.00036,(ASM303040:0.00053,
ASM303205:0.00037):0.00009):0.00002):0.00214):0.00029):0.00079):0.03008):0.00662,ASM118865:0.00046);
